2023-12-04 21:55:06.408433: neutral - 0.58
2023-12-04 21:55:06.532960: neutral - 0.49
2023-12-04 21:55:06.612480: neutral - 0.48
2023-12-04 21:55:06.699996: neutral - 0.6
2023-12-04 21:55:06.777001: neutral - 0.62
2023-12-04 21:55:06.854021: neutral - 0.74
2023-12-04 21:55:06.942617: neutral - 0.74
2023-12-04 21:55:07.021138: neutral - 0.83
2023-12-04 21:55:07.087650: neutral - 0.46
2023-12-04 21:55:07.174659: surprise - 0.31
2023-12-04 21:55:07.275693: surprise - 0.93
2023-12-04 21:55:07.354271: surprise - 0.94
2023-12-04 21:55:07.420350: surprise - 0.78
2023-12-04 21:55:07.496738: surprise - 0.95
2023-12-04 21:55:07.607348: surprise - 0.95
2023-12-04 21:55:07.715489: surprise - 0.89
2023-12-04 21:55:07.822074: surprise - 0.83
2023-12-04 21:55:07.888592: surprise - 0.88
2023-12-04 21:55:07.967595: surprise - 0.93
2023-12-04 21:55:08.041106: surprise - 0.92
2023-12-04 21:55:08.138864: surprise - 0.81
2023-12-04 21:55:08.138864: surprise - 0.96
2023-12-04 21:55:08.244613: surprise - 0.84
2023-12-04 21:55:08.305122: surprise - 0.89
2023-12-04 21:55:08.403642: surprise - 0.87
2023-12-04 21:55:08.511297: surprise - 0.78
2023-12-04 21:55:08.620012: surprise - 0.83
2023-12-04 21:55:08.729773: surprise - 0.79
2023-12-04 21:55:08.833473: surprise - 0.83
2023-12-04 21:55:08.894987: surprise - 0.88
2023-12-04 21:55:08.963456: surprise - 0.81
2023-12-04 21:55:08.963456: surprise - 0.94
